0 1 0.3 4
1 2 0.3 4
2 3 0.2 4
3 4 0.2 4
4 5 0.09 4
5 6 0.5 4
6 7 0.06 4
2 11 0.09 3
11 12 0.06 3
12 13 0.09 3
12 13 0.4 3
13 15 0.06 3
11 15 0.13 2
15 14 0.11 2
15 16 0.3 3
3 17 0.09 3
17 16 0.07 3
17 18 0.4 1
18 18 0.17 1
16 23 0.5 3
4 20 0.07 1
20 19 0.08 1
5 21 0.08 1
21 22 0.06 1
20 21 0.09 1
1 29 0.3 1
29 28 0.04 1
29 27 0.04 1
28 27 0.01 1
27 25 0.08 1
28 26 0.02 1
2 37 0.15 3
37 39 0.13 3
37 38 0.08 3
39 40 0.06 3
40 38 0.15 2
42 41 0.13 2
44 43 0.05 2
40 42 0.06 3
42 44 0.06 3
44 43 0.13 3
43 41 0.09 3
41 38 0.08 3
39 60 0.09 3
60 59 0.09 2
60 59 0.04 3
59 53 0.07 3
53 54 0.06 3
54 55 0.11 3
55 57 0.06 3
57 58 0.11 3
58 54 0.2 3
55 56 0.05 2
57 58 0.11 2
53 52 0.09 3
52 50 0.5 3
50 51 0.03 3
50 48 0.3 3
48 93 0.02 3
93 47 0.02 3
48 47 0.06 2
93 49 0.05 3
47 46 0.03 3
46 46 0.02 3
52 36 0.3 3
36 35 0.3 2
36 35 0.06 3
35 34 0.06 3
34 33 0.2 2
34 33 0.13 3
33 32 0.07 3 
32 31 0.2 3
32 31 0.2 2
31 30 0.06 3
49 92 0.6 2
92 91 0.05 3
91 89 0.3 2
91 89 0.13 3
89 90 0.03 2
89 88 0.2 3
88 87 0.2 2
88 87 0.11 3
87 85 0.06 3
85 86 0.04 2
85 83 0.13 3
83 84 0.08 2
83 81 0.09 3
81 82 0.09 3
81 80 0.13 3
80 79 0.11 3
79 78 0.06 2
79 78 0.02 3
78 77 0.06 3
80 72 0.4 3
77 74 0.2 3
77 75 0.08 2
75 76 0.11 2
75 74 0.15 2
74 73 0.07 3
73 72 0.2 3
73 71 0.09 2
72 66 0.15 2
71 66 0.11 2
71 69 0.06 2
69 65 0.09 2
66 65 0.06 2
69 68 0.08 2
68 67 0.04 2
68 70 0.09 2
68 65 0.15 2
65 62 0.08 2
62 61 0.06 2
61 94 0.03 2
61 64 0.3 2
64 63 0.02 2
64 63 0.09 2
63 62 0.09 2
4 24 0.3 1
