0 1 0.3 4 0.075
1 2 0.3 4 0.075
2 3 0.2 4 0.050
3 4 0.2 4 0.050
4 5 0.09 4 0.022
5 6 0.5 4 0.125
6 7 0.06 4 0.015
2 11 0.09 3 0.030
11 12 0.06 3 0.020
12 13 0.09 3 0.030
12 13 0.4 3 0.133
13 15 0.06 3 0.020
11 15 0.13 2 0.065
15 14 0.11 2 0.055
15 16 0.3 3 0.100
3 17 0.09 3 0.030
17 16 0.07 3 0.023
17 18 0.4 1 0.400
18 18 0.17 1 0.170
16 23 0.5 3 0.167
4 20 0.07 1 0.070
20 19 0.08 1 0.080
5 21 0.08 1 0.080
21 22 0.06 1 0.060
20 21 0.09 1 0.090
1 29 0.3 1 0.300
29 28 0.04 1 0.040
29 27 0.04 1 0.040
28 27 0.01 1 0.010
27 25 0.08 1 0.080
28 26 0.02 1 0.020
2 37 0.15 3 0.050
37 39 0.13 3 0.043
37 38 0.08 3 0.027
39 40 0.06 3 0.020
40 38 0.15 2 0.075
42 41 0.13 2 0.065
44 43 0.05 2 0.025
40 42 0.06 3 0.020
42 44 0.06 3 0.020
44 43 0.13 3 0.043
43 41 0.09 3 0.030
41 38 0.08 3 0.027
39 60 0.09 3 0.030
60 59 0.09 2 0.045
60 59 0.04 3 0.013
59 53 0.07 3 0.023
53 54 0.06 3 0.020
54 55 0.11 3 0.037
55 57 0.06 3 0.020
57 58 0.11 3 0.037
58 54 0.2 3 0.067
55 56 0.05 2 0.025
57 58 0.11 2 0.055
53 52 0.09 3 0.030
52 50 0.5 3 0.167
50 51 0.03 3 0.010
50 48 0.3 3 0.100
48 93 0.02 3 0.007
93 47 0.02 3 0.007
48 47 0.06 2 0.030
93 49 0.05 3 0.017
47 46 0.03 3 0.010
46 46 0.02 3 0.007
52 36 0.3 3 0.100
36 35 0.3 2 0.150
36 35 0.06 3 0.020
35 34 0.06 3 0.020
34 33 0.2 2 0.100
34 33 0.13 3 0.043
33 32 0.07 3 0.023
32 31 0.2 3 0.067
32 31 0.2 2 0.100
31 30 0.06 3 0.020
49 92 0.6 2 0.300
92 91 0.05 3 0.017
91 89 0.3 2 0.150
91 89 0.13 3 0.043
89 90 0.03 2 0.015
89 88 0.2 3 0.067
88 87 0.2 2 0.100
88 87 0.11 3 0.037
87 85 0.06 3 0.020
85 86 0.04 2 0.020
85 83 0.13 3 0.043
83 84 0.08 2 0.040
83 81 0.09 3 0.030
81 82 0.09 3 0.030
81 80 0.13 3 0.043 
80 79 0.11 3 0.037
79 78 0.06 2 0.030
79 78 0.02 3 0.007
78 77 0.06 3 0.020
80 72 0.4 3 0.133
77 74 0.2 3 0.067
77 75 0.08 2 0.040
75 76 0.11 2 0.055
75 74 0.15 2 0.075
74 73 0.07 3 0.023
73 72 0.2 3 0.067
73 71 0.09 2 0.045
72 66 0.15 2 0.075
71 66 0.11 2 0.055
71 69 0.06 2 0.030
69 65 0.09 2 0.045
66 65 0.06 2 0.030
69 68 0.08 2 0.040
68 67 0.04 2 0.020
68 70 0.09 2 0.045
68 65 0.15 2 0.075
65 62 0.08 2 0.040
62 61 0.06 2 0.030
61 94 0.03 2 0.015
61 64 0.3 2 0.150
64 63 0.02 2 0.010
64 63 0.09 2 0.045
63 62 0.09 2 0.045
4 24 0.3 1 0.300
